---- Memory Dump ----
000000
000000
000003
000000
000000
000000
000001
000000
000000
000000
000000
000000
000000
000001
000000
000000
000000
000000
000001
000000
000000
000000
000000
000000
000000
000000
000000
000001
000000
000000
000000
000000
000000
000000
000000
000000
000000
000000
000000
000000
000000
000000
000000
000000
000000
000000
000000
000000
000000
000001
000000
000000
000003
000000
000000
000000
000000
000000
000000
000000
000000
000000
000000
000000
000000
000000
000000
000000
000000
000001
000000
000000
000000
000000
000000
000000
000000
000000
000000
000000
000000
000003
000001
000000
000000
000000
000000
000000
000000
000000
000000
000000
000000
000000
000001
000000
000000
000000
000000
000000
000000
000000
000000
000000
000000
000001
000000
000000
000000
000000
000000
000000
000000
000003
000000
000000
000000
000000
000000
000000
000001
000000
000000
000000
000000
000000
000000
000000
000000
000000
000000
000000
000000
000000
000000
000000
000000
000003
000003
000000
000000
000000
000000
000000
000000
000000
000000
000003
000001
000003
000000
000000
000003
000003
000000
000000
000000
000000
000000
000000
000000
000000
000000
000000
000000
000000
000001
000000
000000
000000
000000
000000
000000
000000
000003
000000
000000
000000
000003
000000
000000
000000
000000
000000
000003
000000
000000
000000
000001
000001
000000
000000
000003
000000
000000
000000
000000
000003
000000
000000
000000
000000
000000
000000
000001
000000
000000
000003
000000
000000
000001
000000
000003
000000
000000
000000
000000
000000
000000
000000
000000
000000
000000
000000
000001
000000
000000
000000
000000
000000
000000
000000
000000
000001
000000
000000
000000
000000
000000
000001
000000
000000
000000
000000
000000
000003
000000
000000
000000
000000
000000
000000
000000
000003
000000
000001
----------------------
